1395
975
1593
1023
1521
1023
1404
1002
1485
1020
1665
1239
1386
852
1368
1152
1422
1227
1341
1065
1584
1134
1332
885
1558
1200
1737
1167
1791
861
1566
1137
1539
1047
1458
957
1674
1014
1170
1005
1377
1062
1638
1152
1413
1119
1539
1125
1638
1086
1611
1254
1701
924
1683
1038
1368
858
1656
1254
1755
954
1458
1143
1512
1224
1701
1140
1701
856
1764
921
1737
945
1413
958
1611
1116
1827
1197
1665
1071
1728
1107
1710
1062
1287
855
1575
1218
1331
1230
1440
840
1944
861
1503
1101
1602
999
1315
1140
1314
852
1242
1173
1548
1013
1512
1251
1206
958
1395
1013
1395
1011
1458
1188
1692
1089
1827
1191
1647
1080
1737
873
1773
891
1566
1056
1305
1191
1494
996
1224
1299
1162
1182
1665
1203
1467
1239
1566
1008
1728
1059
1872
1134
1602
1173
1728
1032
1692
873
1648
1095
1512
849
1476
1116
1521
1065
1162
990
1286
958
1566
1125
1755
1011
1377
906
1647
1194
1485
1257
1809
954
1737
1152
1467
1155
1764
993
1530
1059
1449
1323
1548
1095
1728
1182
1611
789
1665
754
1728
816
1674
906
1458
969
1800
783
1647
981
1473
1158
1881
1053
1503
1179
1377
1167
1665
1143
1179
1158
1602
1023
1611
954
1539
927
1558
1053
1755
1179
1566
1014
1278
1125
1431
1047
1386
948
1584
1185
1746
1068
1665
1086
1584
957
1431
1167
1323
1053
1413
1281
1585
1233
1989
1107
1566
1248
1323
1150
1566
1236
1674
912
1287
912
1710
1158
1629
1035
1404
954
1162
856
1656
1023
1656
1125
1629
1092
1755
1311
1584
1164
1215
873
1665
1056
1539
975
1386
858
1494
1113
1558
1269
1656
864
1521
927
1566
1062
1440
999
1539
1149
1746
1179
1495
1239
1377
1134
1485
942
1697
867
1656
1242
1615
963
1620
852
1431
969
1611
1029
1521
1233
1854
1158
1557
1038
1458
1047
1620
1068
1548
897
1701
1080
1755
1260
1431
1005
1548
963
1332
1107
1701
1313
1584
1050
1422
873
1629
1080
1701
885
1197
1083
1422
1110
1368
954
1575
1116
1674
771
1485
1347
1737
1074
1404
1272
1575
1245
1629
1233
1746
897
1530
861
1467
903
1548
984
1746
1134
1539
1107
1602
1092
1575
1134
1359
1245
1512
1035
1800
915
1647
1284
1712
1143
1585
1203
1449
1056
1647
1158
1647
1059
1602
1083
1413
1143
1422
1146
1566
999
1755
1113
1252
1086
1629
1125
1872
1110
1584
891
1503
1113
1512
915
1557
903
1773
1134
1575
1149
1800
972
1476
822
1251
1245
1530
1056
1503
1050
1512
891
1629
1068
1683
873
1557
1269
1971
1203
1737
1143
1710
1170
1450
1044
1827
1074
1476
765
1620
1176
1512
1152
1404
816
1449
1080
1719
1026
1287
987
1638
1077
1615
921
1278
921
1449
1143
1269
1146
1600
856
1566
1056
1368
903
1728
1041
1467
1122
1359
1098
1368
1242
1539
1122
1488
1230
1467
852
1656
1278
1584
984
1368
783
1584
1056
1611
1143
1467
1260
1521
1284
1323
1164
1467
957
1809
909
1252
1038
1376
1041
1764
990
1728
1170
1368
957
1521
1155
1872
999
1467
1080
1575
1029
1530
1215
1413
957
1620
1239
1602
1122
1404
707
1602
930
1746
903
1692
861
1566
804
1485
1104
1179
1014
1584
942
1467
972
1431
1038
1620
1056
1656
1266
1484
1074
1296
795
1845
825
1962
1017
1656
1134
1656
804
1557
1044
1242
1125
1395
1200
1512
1044
1836
764
1674
1110
1575
1041
1296
1203
1575
1005
1548
861
1386
1146
1422
939
1728
999
1539
1209
1350
1068
1665
799
1575
1077
1585
1170
1305
942
1224
1218
1881
975
1791
1119
1737
1173
1467
1155
1746
954
1638
969
1566
1191
1737
975
1611
1116
1827
840
1629
1161
1521
1083
1809
1175
1315
1137
1305
809
1458
1110
1584
1152
1359
759
1665
1071
1629
882
1638
1011
1620
1089
1296
1122
1620
999
1602
901
1575
1050
1450
1029
1854
1206
1791
1266
1485
1233
1719
954
1431
1251
1602
873
1809
1149
1368
1155
1512
1341
1665
930
1697
1313
1215
924
1178
807
1971
975
1782
951
1539
819
1791
873
1305
999
1431
909
1376
981
1764
1146
1440
999
1377
972
1566
993
1683
1026
1674
1002
1170
1146
1600
894
1593
1056
1360
1050
1665
1146
1530
1215
1593
1257
1683
810
1377
901
1737
1101
1431
813
1269
1053
1665
975
1620
1041
1494
1080
1332
1131
1233
1188
1620
1167
1162
951
1395
969
1656
1296
1683
822
1575
1038
1728
882
1585
1305
1467
1182
1395
1239
1764
1266
1611
1137
1315
873
1944
1122
1440
1284
1558
822
1647
1098
1629
1167
1521
1293
1503
1313
1620
1155
1611
987
1521
1089
1845
963
1359
1140
1539
1137
1585
783
1449
1032
1602
930
1728
1299
1602
1098
1620
1185
1809
990
1503
1203
1737
1023
1404
963
1899
990
1224
861
1773
1062
1701
1056
1656
993
1692
936
1818
987
1162
1012
1755
759
1755
885
1719
1077
1872
1110
1647
1086
1566
1023
1809
1032
1350
810
1971
849
1476
1110
1377
1044
1575
1188
1584
1143
1494
1062
1638
975
1719
828
1800
1203
1611
1122
1476
975
1503
1313
1647
1041
1485
909
1377
799
1611
1056
1719
975
1615
852
1566
1056
1485
1161
1836
930
1323
891
1557
1149
1377
936
1872
1089
1629
958
1494
870
1746
1092
1656
897
1899
1146
1215
1083
1315
1080
1881
825
1620
1065
1494
1191
1404
813
1404
1059
1178
993
1602
930
1359
1086
1701
1299
1539
1044
1431
1254
1431
918
1332
1299
1539
1221
1485
1209
1405
1215
1521
1011
1503
1011
1584
1059
1737
804
1593
921
1683
1152
1602
1013
1953
975
1521
819
1440
957
1458
1302
1404
1161
1314
909
1557
1113
1512
1128
1638
969
1332
1146
1584
1164
1611
771
1647
903
1809
1008
1368
1236
1611
855
1701
828
1611
999
1737
1032
1728
945
1575
1158
1539
987
1566
1092
1602
1056
1539
1122
1368
1065
1566
911
1755
1008
1395
1233
1701
1047
1710
1137
1278
1284
1620
921
1331
909
1764
1104
1585
1032
1476
819
1971
1086
1386
1125
1674
1053
1557
1041
1521
1311
1224
1017
1683
1013
1656
951
1836
834
1485
1008
1268
1074
1260
993
1701
1137
1872
1335
1440
939
1431
1050
1512
1167
1359
1044
1188
1023
1377
1101
1467
1191
1600
1251
1647
1098
1458
1113
1701
969
1467
1095
1665
906
1548
993
1377
1254
1629
969
1548
1188
1512
1059
1629
888
1620
906
1341
1008
1485
1185
1899
903
1836
1032
1548
903
1278
921
1764
759
1413
1080
1728
909
1818
906
1188
1185
1413
1012
1719
930
1620
1239
1323
1122
1269
873
1386
1020
1575
1341
1719
921
1647
1191
1548
1083
1809
807
1495
1335
1377
1263
1404
1167
1503
1044
1746
1188
1315
987
1620
1005
1863
1095
1413
1056
1548
933
1413
1020
1260
1062
1566
1281
1620
1119
1674
891
1368
1203
1566
936
1764
876
1494
1236
1584
885
1530
975
1944
1329
1376
1014
1836
901
1521
1065
1431
1074
1584
1032
1286
990
1368
1059
1494
1290
1269
1155
1178
870
1458
855
1377
1086
1818
921
1575
972
1386
975
1692
1263
1521
987
1503
1323
1458
1188
1611
993
1458
1167
1495
1239
1557
1113
1575
921
1530
960
1638
1098
1674
1113
1764
1071
1449
1143
1593
906
1827
948
1467
852
1656
894
1800
873
1701
1191
1872
1008
1422
1095
1809
990
1584
954
1656
987
1647
966
1413
960
1404
1200
1890
969
1665
1014
1485
1032
1503
1032
1521
1098
1674
1119
1269
1191
1286
942
1422
1245
1629
1086
1701
984
1638
1194
1252
1131
1314
921
1719
1150
1683
969
1755
1209
1602
1065
1278
1026
1638
1257
1648
1122
1467
915
1656
1158
1404
948
1854
1098
1440
1167
1539
1032
1584
813
1701
1002
1449
801
1252
1014
1566
804
1521
975
1584
1311
1638
906
1728
1056
1602
1050
1701
777
1773
1056
1575
1017
1539
789
1512
903
1836
1197
1917
990
1647
1311
1494
1185
1584
1137
1539
861
1323
885
1656
963
1701
1317
1488
1221
1566
1086
1413
1089
1476
1206
1665
1269
1854
1161
1800
1029
1602
927
1773
1347
1566
1164
1512
1023
1170
1150
1512
993
1674
891
1881
864
1638
1149
1539
1287
1539
1299
1377
1113
1431
777
1629
1233
1755
873
1584
1281
1323
825
1638
1113
1512
1032
1440
765
1332
1107
1368
1086
1602
987
1485
1044
1494
978
1422
759
1476
1107
1574
987
1908
1167
1440
969
1584
1101
1746
1260
1557
966
1809
981
1503
1170
1548
1113
1854
1101
1539
1203
1683
963
1575
993
1737
1194
1521
901
1449
958
1818
1296
1458
906
1728
891
1683
897
1638
1155
1692
972
1890
1098
1620
1059
1566
921
1710
1233
1449
1215
1674
1050
1701
912
1620
1092
1593
948
1449
1224
1701
1107
1791
906
1737
1095
1701
984
1539
1020
1674
1038
1422
1176
1170
1065
1440
1041
1701
1050
1719
1185
1692
1113
1422
1131
1737
1329
1712
999
1503
1167
1278
999
1719
927
1719
1032
1791
1074
1701
1137
1584
1083
1611
918
1476
1098
1629
1200
1791
969
1755
1179
1360
1176
1656
1020
1386
810
1377
999
1359
1128
1521
1155
1701
1092
1488
1134
1737
1014
1521
1011
1701
1281
1170
1071
1800
933
1737
1134
1512
1239
1656
918
1494
1020
1413
813
1422
1017
1593
1149
1611
1059
1728
987
1422
1239
1413
918
1809
1053
1558
1035
1962
1026
1332
1179
1647
1194
1404
873
1647
1068
1539
1227
1827
1179
1332
930
1647
1290
1323
942
1395
993
1692
1275
1755
813
1521
1143
1620
996
1278
807
1755
843
1611
966
1494
1251
1413
1179
1557
1032
1584
1017
1854
1173
1602
978
1638
1299
1494
1200
1611
1113
1917
1044
1836
1134
1458
960
1503
930
1413
1041
1585
1272
1755
969
1162
936
1476
1212
1458
1203
1593
1143
1404
951
1332
809
1350
999
1809
873
1584
996
1539
1059
1377
1131
1647
1143
1665
1095
1755
987
1854
921
1286
918
1683
1119
1488
1170
1656
1032
1440
1323
1611
1149
1557
1059
1620
906
1710
1065
1422
1071
1188
1116
1377
1125
1836
1119
1287
906
1530
1212
1242
897
1512
1029
1539
1143
1557
987
1692
870
1521
849
1413
1323
1566
942
1494
867
1980
1014
1692
1023
1521
1119
1332
999
1458
1296
1368
912
1737
918
1395
924
1809
972
1899
1149
1268
1150
1512
882
1467
1005
1962
870
1585
993
1611
993
1359
1149
1584
1146
1593
930
1854
1317
1692
1155
1629
828
1566
1008
1602
1035
1521
1197
1638
996
1575
1215
1827
1150
1746
1056
1503
1092
1458
1257
1539
1110
1503
903
1620
1269
1360
789
1701
1065
1593
1002
1773
825
1566
1107
1539
1068
1980
948
1422
888
1764
1164
1683
885
1836
1170
1512
1233
1782
813
1755
1074
1755
843
1863
963
1647
1185
1737
1278
1611
1044
1359
1113
1332
984
1341
1059
1683
1329
1467
846
1890
1101
1728
1074
1800
764
1494
1335
1368
1095
1899
1125
1890
912
1638
837
1764
1122
1638
987
1350
1074
1278
807
1656
951
1566
813
1242
1014
1386
966
1450
795
1575
1305
1188
1122
1647
1158
1899
1206
1566
1056
1421
1056
1467
1107
1558
942
1512
1065
1593
966
1476
764
1557
1020
1458
1143
1405
1182
1600
897
1647
876
1881
1086
1593
1269
1558
1302
1674
795
1431
1242
1548
840
1593
858
1656
873
1656
990
1728
1017
1727
1155
1422
864
1386
801
1494
1041
1593
1155
1611
822
1665
1089
1665
1218
1665
1056
1615
1188
1404
1239
1485
1083
1600
1032
1512
1089
1593
933
1791
1032
1782
1035
1449
1269
1656
1062
1485
939
1558
900
1341
1272
1647
1008
1692
1143
1593
1152
1332
1023
1647
1313
1188
1029
1827
966
1323
1038
1585
999
1701
1137
1809
1098
1476
1212
1727
1251
1782
1313
1449
1203
1585
942
1512
987
1845
771
1620
1035
1422
999
1647
990
1287
921
1530
957
1719
846
1566
969
1530
969
1647
906
1620
993
1458
909
1575
1164
1458
1059
1674
981
1539
1149
1710
1003
1773
1119
1648
987
1656
1110
1953
1029
1665
1023
1692
1218
1710
960
1809
1155
1746
1191
1638
999
1494
1071
1494
1176
1359
1137
1746
870
1566
849
1359
1032
1600
1158
1431
1089
1575
1044
1422
1089
1467
1089
1764
1035
1881
1113
1269
1038
1431
1131
1602
1098
1791
1005
1503
1089
1296
1014
1728
1161
1386
891
1854
1005
1449
1008
1449
1020
1611
816
1692
1047
1629
1032
1485
999
1315
960
1701
1149
1539
900
1467
1146
1368
858
1629
849
1458
828
1665
888
1962
873
1697
1143
1737
1056
1503
1092
1530
1089
1746
789
1791
909
1530
1245
1539
1170
1431
1167
1179
1104
1395
1062
1323
876
1665
843
1476
882
1908
1011
1458
1041
1539
1245
1512
1323
1341
924
1755
1023
1575
1080
1413
906
1512
831
1602
930
1495
1038
1350
1017
1656
1191
1473
1239
1458
1212
1494
1101
1620
1032
1422
1125
1809
1167
1809
1017
1413
1011
1332
1074
1566
1284
1773
1146
1503
930
1791
942
1800
1017
1323
930
1350
1140
1566
999
1872
1026
1638
1152
1521
1056
1737
897
1701
1044
1467
856
1638
1059
1845
951
1611
1206
1314
1101
1377
1200
1260
906
1620
1233
1179
918
1268
1236
1728
963
1854
1038
1809
1059
1485
999
1836
765
1809
954
1656
1140
1485
969
1647
764
1485
939
1521
1125
1719
1164
1737
1020
1647
1281
1278
1170
1260
894
1737
897
1485
1050
1260
1014
1503
1248
1458
911
1782
1134
1755
852
1755
1143
1473
849
1431
1074
1278
1173
1602
804
1495
1122
1818
1122
1315
981
1692
1206
1773
906
1476
1182
1593
1239
1638
966
1422
1134
1485
1110
1917
1008
1737
957
1737
1191
1683
1020
1584
1041
1413
1101
1584
1125
1575
969
1557
1155
1692
1209
1665
912
1602
1062
1341
1017
1332
969
1359
1134
1584
1080
1656
942
1584
1287
1620
1071
1548
858
1404
1113
1521
809
1692
1029
1512
1026
1683
1002
1467
1068
1476
1065
1332
993
1791
1065
1404
1074
1521
1158
1809
906
1764
1020
1431
1125
1495
1311
1458
879
1467
1077
1440
813
1683
1008
1712
843
1503
933
1449
933
1494
1119
1629
1125
1386
1083
1764
1110
1800
948
1332
1003
1836
990
1488
975
1701
906
1602
873
1332
978
1413
1175
1449
843
1827
1206
1476
1155
1539
1029
1197
1017
1755
912
1323
1260
1503
1098
1503
1003
1450
1152
1503
978
1476
777
1557
1059
1615
1248
1395
1170
1648
1170
1728
1215
1224
951
1521
906
1647
1107
1458
1074
1800
1158
1764
957
1584
957
1341
867
1278
1152
1773
1077
1697
1137
1692
1140
1548
1077
1413
1125
1558
1119
1791
1302
1629
1035
1566
1020
1692
1005
1863
1026
1827
918
1484
846
1296
1260
1485
1065
1710
777
1611
1167
1697
1209
1548
1095
1458
993
1647
1023
1503
963
1629
1161
1422
1131
1611
933
1305
819
1450
1188
1341
1101
1350
1014
1422
1011
1648
1110
1593
1275
1332
759
1315
1056
1647
1053
1575
1272
1648
867
1449
981
1260
1302
1566
1068
1440
1008
1566
942
1611
1218
1710
918
1683
1092
1377
764
1485
1317
1359
1110
1368
1233
1719
1134
1178
861
1413
1062
1674
1062
1404
945
1512
906
1341
999
1575
903
1376
930
1422
1014
1458
1275
1692
1299
1485
1077
1602
1026
1530
1146
1449
1254
1728
876
1530
1176
1473
1062
1395
1272
1377
801
1252
1095
1989
1077
1602
1212
1449
1302
1692
987
1476
1038
1494
1092
1521
1263
1341
981
1791
1215
1431
963
1737
942
1737
1035
1574
1293
1683
1230
1530
759
1323
1101
1332
1110
1629
1173
1574
1149
1476
999
1269
1239
1692
1218
1881
1125
1692
1125
1611
1239
1935
927
1926
1200
1755
1041
1386
1167
1485
816
1566
1266
1737
1116
1485
1038
1566
954
1485
942
1692
945
1422
1125
1665
978
1278
754
1575
933
1494
921
1755
906
1755
1098
1719
1095
1233
909
1791
873
1872
1188
1944
1035
1773
911
1692
1113
1268
1149
1512
1149
1360
1044
1719
1185
1791
837
1800
831
1585
1014
1467
948
1737
1071
1746
975
1638
1206
1611
1074
1521
1056
1584
1050
1386
1188
1854
1140
1836
918
1539
1272
1818
1236
1953
1098
1305
1143
1953
1080
1494
825
1710
1032
1629
1023
1485
996
1450
885
1440
1023
1404
1158
1224
1014
1620
1104
1647
1101
1710
1074
1980
855
1620
1065
1557
1104
1647
1020
1566
1110
1809
831
1440
1023
1315
1242
1719
864
1341
1101
1800
1053
1494
1011
1593
1194
1656
906
1557
1152
1818
1101
1395
1062
1503
828
1638
1065
1566
1227
1692
1029
1701
1224
1683
1065
1727
1164
1431
987
1710
1050
1647
1251
1395
754
1593
1311
1323
1125
1683
1104
1719
909
1827
1293
1737
1125
1674
975
1602
996
1728
906
1296
981
1287
1176
1395
1038
1458
1269
1629
1191
1485
1194
1314
927
1656
856
1701
777
1449
807
1413
1313
1332
816
1584
969
1503
873
1377
972
1233
1035
1395
912
1224
1119
1431
1032
1620
942
1512
954
1818
1092
1980
1119
1647
1293
1485
999
1773
1152
1647
906
1278
1101
1558
849
1368
816
1467
1230
1287
1011
1629
1107
1917
1122
1629
996
1521
1074
1386
990
1728
1170
1386
1056
1495
909
1557
1008
1647
1215
1449
933
1440
978
1188
1179
1422
1008
1800
1227
1746
987
1683
1002
1467
1197
1728
1104
1494
1242
1611
1164
1350
1152
1539
1185
1593
849
1584
1245
1611
963
1548
1032
1566
1140
1404
1101
1467
1080
1800
1062
1421
1173
1359
1263
1485
1155
1602
1059
1620
1122
1395
1092
1440
1020
1665
1017
1575
999
1377
1143
1701
885
1431
1056
1269
945
1557
1119
1485
1026
1368
777
1620
707
1440
1080
1188
1146
1629
987
1566
804
1989
897
1332
849
1683
897
1629
1104
1450
1182
1629
1113
1665
933
1683
1119
1332
1194
1872
1003
1575
1158
1521
1017
1656
799
1440
939
1585
978
1737
915
1395
795
1395
1011
1395
1044
1278
951
1278
901
1719
1062
1278
1203
1404
1128
1593
911
1692
1185
1251
951
1575
1218
1656
1335
1593
954
1926
1032
1782
867
1800
1080
1530
873
1926
888
1584
1065
1332
1113
1476
1074
1548
1098
1458
975
1548
930
1323
1077
1512
1092
1314
1188
1674
1317
1404
1035
1574
1017
1206
861
1845
975
1566
1323
1692
1137
1737
1071
1890
1092
1386
1059
1503
990
1548
1125
1575
1230
1773
1140
1557
1101
1503
909
1476
999
1332
813
1620
939
1728
1065
1818
1023
1584
1023
1574
1086
1665
1044
1431
1056
1602
1152
1656
754
1764
1155
1341
1119
1629
1248
1404
945
1656
1263
1530
912
1593
1044
1350
1011
1421
1003
1485
861
1521
969
1530
1230
1557
807
1648
885
1782
1347
1620
1095
1467
1059
1593
1287
1512
1313
1728
819
1521
993
1620
900
1341
867
1809
1029
1395
897
1881
861
1530
1239
1584
1074
1386
1008
1386
1167
1692
1305
1629
1137
1530
1062
1701
1143
1638
1158
1746
978
1782
873
1809
1194
1440
972
1665
882
1647
1041
1368
1167
1458
954
1485
1209
1602
1263
1332
1296
1764
1011
1818
1281
1431
831
1503
1101
1764
1152
1773
1347
1593
1026
1286
789
1287
942
1620
1104
1530
1122
1485
975
1286
1005
1422
1026
1611
1013
1440
1026
1836
921
1566
930
1449
942
1539
765
1845
933
1782
903
1350
975
1548
856
1360
987
1665
1086
1611
1050
1692
1302
1674
1008
1440
1275
1323
1200
1737
1170
1818
1155
1539
1143
1728
1218
1162
924
1503
954
1360
1092
1593
901
1701
975
1485
927
1674
1065
1764
897
1440
1119
1719
1110
1575
915
1530
867
1575
1044
1638
1074
1737
972
1530
963
1449
954
1602
969
1701
1026
1530
1017
1764
1086
1557
981
1584
1012
1539
1056
1800
912
1665
1113
1647
1110
1809
1044
1584
1254
1368
1026
1773
1227
1809
984
1323
906
1872
1341
1521
1026
1557
1122
1350
1272
1611
948
1368
864
1620
1053
1197
951
1485
771
1791
1044
1755
1161
1566
1317
1620
1158
1764
1104
1539
990
1917
799
1836
870
1755
987
1800
1092
1413
1113
1521
1041
1746
1158
1647
993
1395
861
1323
831
