0 33
1 33
0 32
1 32
1 31
2 31
1 30
2 30
1 29
2 29
2 28
3 28
2 27
3 27
2 26
3 26
3 25
4 25
3 24
4 24
3 23
4 23
4 22
5 22
4 21
5 21
4 20
5 20
5 19
6 19
5 18
6 18
5 17
6 17
6 16
7 16
6 15
7 15
6 14
7 14
7 13
8 13
7 12
8 12
7 11
8 11
8 10
9 10
8 9
9 9
8 8
33
0 33
1 33
0 32
1 32
1 31
2 31
1 30
2 30
1 29
2 29
2 28
3 28
2 27
3 27
2 26
3 26
3 25
4 25
3 24
4 24
3 23
4 23
4 22
5 22
4 21
5 21
4 20
5 20
5 19
6 19
5 18
6 18
5 17
6 17
6 16
7 16
6 15
7 15
6 14
7 14
7 13
8 13
7 12
8 12
7 11
8 11
8 10
9 10
8 9
9 9
8 8
33
0 33
1 33
0 32
1 32
1 31
2 31
1 30
2 30
1 29
2 29
2 28
3 28
2 27
3 27
2 26
3 26
3 25
4 25
3 24
4 24
3 23
4 23
4 22
5 22
4 21
5 21
4 20
5 20
5 19
6 19
5 18
6 18
5 17
6 17
6 16
7 16
6 15
7 15
6 14
7 14
7 13
8 13
7 12
8 12
7 11
8 11
8 10
9 10
8 9
9 9
8 8
33
0 33
1 33
0 32
1 32
1 31
2 31
1 30
2 30
1 29
2 29
2 28
3 28
2 27
3 27
2 26
3 26
3 25
4 25
3 24
4 24
3 23
4 23
4 22
5 22
4 21
5 21
4 20
5 20
5 19
6 19
5 18
6 18
5 17
6 17
6 16
7 16
6 15
7 15
6 14
7 14
7 13
8 13
7 12
8 12
7 11
8 11
8 10
9 10
8 9
9 9
8 8
33
0 33
1 33
0 32
1 32
1 31
2 31
1 30
2 30
1 29
2 29
2 28
3 28
2 27
3 27
2 26
3 26
3 25
4 25
3 24
4 24
3 23
4 23
4 22
5 22
4 21
5 21
4 20
5 20
5 19
6 19
5 18
6 18
5 17
6 17
6 16
7 16
6 15
7 15
6 14
7 14
7 13
8 13
7 12
8 12
7 11
8 11
8 10
9 10
8 9
9 9
8 8
33
0 33
1 33
0 32
1 32
1 31
2 31
1 30
2 30
1 29
2 29
2 28
3 28
2 27
3 27
2 26
3 26
3 25
4 25
3 24
4 24
3 23
4 23
4 22
5 22
4 21
5 21
4 20
5 20
5 19
6 19
5 18
6 18
5 17
6 17
6 16
7 16
6 15
7 15
6 14
7 14
7 13
8 13
7 12
8 12
7 11
8 11
8 10
9 10
8 9
9 9
8 8
33
0 33
1 33
0 32
1 32
1 31
2 31
1 30
2 30
1 29
2 29
2 28
3 28
2 27
3 27
2 26
3 26
3 25
4 25
3 24
4 24
3 23
4 23
4 22
5 22
4 21
5 21
4 20
5 20
5 19
6 19
5 18
6 18
5 17
6 17
6 16
7 16
6 15
7 15
6 14
7 14
7 13
8 13
7 12
8 12
7 11
8 11
8 10
9 10
8 9
9 9
8 8
33
0 33
1 33
0 32
1 32
1 31
2 31
1 30
2 30
1 29
2 29
2 28
3 28
2 27
3 27
2 26
3 26
3 25
4 25
3 24
4 24
3 23
4 23
4 22
5 22
4 21
5 21
4 20
5 20
5 19
6 19
5 18
6 18
5 17
6 17
6 16
7 16
6 15
7 15
6 14
7 14
7 13
8 13
7 12
8 12
7 11
8 11
8 10
9 10
8 9
9 9
8 8
33
0 33
1 33
0 32
1 32
1 31
2 31
1 30
2 30
1 29
2 29
2 28
3 28
2 27
3 27
2 26
3 26
3 25
4 25
3 24
4 24
3 23
4 23
4 22
5 22
4 21
5 21
4 20
5 20
5 19
6 19
5 18
6 18
5 17
6 17
6 16
7 16
6 15
7 15
6 14
7 14
7 13
8 13
7 12
8 12
7 11
8 11
8 10
9 10
8 9
9 9
8 8
33
