1
59 53
18 2 26 32 5 10 25 30 36 38 33 21 56 7 4 15 28 16 19 17 44 49 9 55 23 12 22 29 34 37 39 8 41 14 52 11 50 24 51 27 6 1 45 46 3 57 47 48 59 13 40 53 58 20 42 43 31 54 35
37 19 59 2 6 10 25 21 38 43 47 36 56 51 54 24 28 20 12 45 44 49 9 13 11 14 22 29 34 18 16 8 3 32 52 23 50 30 46 27 5 1 17 42 15 57 31 48 26 55 40 53 39 4 33 58 7 41 35
25 52
14 47
43 46
24 50
33 58
22 23
48 54
21 35
29 37
47 57
12 20
13 42
14 57
11 47
10 46
8 18
20 31
7 53
53 56
3 42
42 49
3 13
34 50
1 30
5 28
38 48
39 44
6 39
9 27
15 45
31 46
10 12
6 44
39 55
15 58
24 34
2 4
28 41
11 57
31 43
19 26
25 36
16 45
16 58
9 40
5 41
10 31
33 45
38 54
26 34
6 55
27 40
12 31
47 60
14 25 7 35 4 38 6 10 30 40 45 24 16 5 39 36 23 46 28 42 29 26 18 1 21 8 17 44 12 32 27 3 34 13 20 9 47 15 22 31 19 37 33 41 11 43 2
14 44 25 4 30 24 40 35 11 6 7 46 16 5 39 36 1 38 19 42 23 15 12 28 47 8 17 3 18 32 27 31 34 10 20 29 33 9 22 21 26 37 45 13 41 43 2
20 21
11 26
7 10
25 32
11 44
19 22
33 45
1 39
9 45
34 43
14 22
4 44
9 39
30 42
6 23
36 38
13 40
6 12
17 47
15 30
1 33
18 29
4 26
15 42
5 8
13 25
12 18
1 9
14 24
2 34
8 13
22 24
7 27
23 29
33 39
16 46
28 43
9 33
28 34
12 29
17 38
39 45
10 27
4 11
19 41
24 41
2 28
17 21
17 20
38 47
26 44
2 43
12 23
18 23
1 45
25 40
37 43
14 19
3 25
3 40
87 92
21 22 38 85 52 33 5 15 17 42 46 13 14 75 35 74 55 58 50 3 20 4 51 77 59 12 71 37 67 81 60 10 27 84 47 86 18 79 76 39 9 57 62 53 70 25 34 54 63 69 72 26 31 56 19 68 40 24 28 1 41 61 11 30 16 7 49 43 66 87 80 65 78 64 44 23 82 32 83 2 36 29 45 8 48 73 6
15 22 79 28 61 69 77 53 17 16 32 7 80 54 83 62 43 67 36 3 20 33 51 78 52 18 14 37 58 41 60 39 27 38 56 86 21 45 25 64 23 55 74 12 87 13 75 40 85 4 30 47 44 65 31 68 34 66 63 10 81 59 70 50 29 76 49 2 24 11 71 73 48 8 19 9 82 72 35 57 46 5 1 84 42 26 6
43 46
12 43
37 69
53 54
45 63
43 66
13 20
18 68
5 21
27 85
14 56
8 44
9 67
47 57
55 72
3 83
14 47
6 30
53 75
44 58
23 39
19 87
15 30
38 84
40 84
41 76
35 54
60 84
33 56
14 57
11 81
32 40
20 85
58 77
40 74
10 65
33 48
63 70
34 83
36 81
34 60
1 58
52 54
18 49
16 39
37 58
42 49
24 85
22 30
9 41
74 84
47 56
21 28
15 61
26 77
3 32
10 71
42 80
6 50
32 84
11 19
36 78
41 67
35 72
10 13
59 80
64 81
31 70
11 78
5 28
2 48
39 43
4 49
34 40
54 86
11 51
30 79
52 72
35 75
5 25
29 59
65 82
71 73
32 83
23 46
27 71
21 62
7 85
4 29
6 61
17 49
18 59
